note: camera_point = R * lidar_point + t  (lidar -> camera optical)
lidar_to_camera:
  parent_frame: zed_left_camera_frame_optical
  child_frame: rslidar
  R:
  - [0.22390261894185984, -0.9737199127304152, 0.04167911687223176]
  - [0.08657605779680538, -0.02272441191896632, -0.9959860377130302]
  - [0.970758571142867, 0.22661229590472357, 0.0792127760998785]
  t: [0.05453744123235036, 0.06962113306130978, -0.025761907035738156]
  quaternion_xyzw: [0.5402347301772196, -0.4105362934741419, 0.4685174940904632, 0.5657718142326046]
  rpy_rad: [1.2345206925608476, -1.3283708295424992, 0.36896101669516845]
  matrix_4x4:
  - [0.22390261894185984, -0.9737199127304152, 0.04167911687223176, 0.05453744123235036]
  - [0.08657605779680538, -0.02272441191896632, -0.9959860377130302, 0.06962113306130978]
  - [0.970758571142867, 0.22661229590472357, 0.0792127760998785, -0.025761907035738156]
  - [0.0, 0.0, 0.0, 1.0]
camera_to_lidar:
  R:
  - [0.22390261894185984, 0.08657605779680538, 0.970758571142867]
  - [-0.9737199127304152, -0.02272441191896632, 0.22661229590472357]
  - [0.04167911687223176, -0.9959860377130302, 0.0792127760998785]
  t: [0.006769992901822493, 0.06052425672350738, 0.06910927624571778]
static_transform_publisher: ros2 run tf2_ros static_transform_publisher --x 0.054537
  --y 0.069621 --z -0.025762 --qx 0.540235 --qy -0.410536 --qz 0.468517 --qw 0.565772
  --frame-id zed_left_camera_frame_optical --child-frame-id rslidar
metrics: {rmse_plane_mm: 10.08, normal_deg_rms: 1.3284, corner_rmse_mm: null, n_poses: 9,
  n_corners_reliable: 0, translation_condition: 5.9, rotation_normal_spread: 0.8122}
