note: camera_point = R * lidar_point + t  (lidar -> camera optical)
lidar_to_camera:
  parent_frame: zed_left_camera_frame_optical
  child_frame: rslidar
  R:
  - [-0.031665801344448005, -0.9994976174787965, 0.0013377890056256582]
  - [0.010124922470567824, -0.0016591659108651123, -0.9999473651715101]
  - [0.9994472287070384, -0.03165058961046133, 0.010172374704620941]
  t: [0.043341844800047054, 0.042988399422528016, -0.035107750771705054]
  quaternion_xyzw: [0.48985227106237766, -0.5049342186678683, 0.5107585882679426,
    0.4941779556615598]
  rpy_rad: [-1.2598275161334032, -1.5375450944421893, 2.832122735219958]
  matrix_4x4:
  - [-0.031665801344448005, -0.9994976174787965, 0.0013377890056256582, 0.043341844800047054]
  - [0.010124922470567824, -0.0016591659108651123, -0.9999473651715101, 0.042988399422528016]
  - [0.9994472287070384, -0.03165058961046133, 0.010172374704620941, -0.035107750771705054]
  - [0.0, 0.0, 0.0, 1.0]
camera_to_lidar:
  R:
  - [-0.031665801344448005, 0.010124922470567824, 0.9994472287070384]
  - [-0.9994976174787965, -0.0016591659108651123, -0.03165058961046133]
  - [0.0013377890056256582, -0.9999473651715101, 0.010172374704620941]
  t: [0.03602554425097129, 0.042280214489845716, 0.04328528368792654]
static_transform_publisher: ros2 run tf2_ros static_transform_publisher --x 0.043342
  --y 0.042988 --z -0.035108 --qx 0.489852 --qy -0.504934 --qz 0.510759 --qw 0.494178
  --frame-id zed_left_camera_frame_optical --child-frame-id rslidar
metrics: {rmse_plane_mm: 8.9, normal_deg_rms: 0.6666, corner_rmse_mm: null, n_poses: 10,
  n_corners_reliable: 0, translation_condition: 9.1}
