note: camera_point = R * lidar_point + t  (lidar -> camera optical)
lidar_to_camera:
  parent_frame: zed_left_camera_frame_optical
  child_frame: rslidar
  R:
  - [-0.061904727753969546, -0.9978965251041045, 0.019243956632152278]
  - [-0.025062909598683573, -0.017720651297374043, -0.9995288035269644]
  - [0.9977673352260812, -0.06235786800998027, -0.023913198303337654]
  t: [-0.0007616062386354216, 0.026483394823210472, 0.37776106888960986]
  quaternion_xyzw: [-0.4949063350384552, 0.5167439585417997, -0.5137392774418494,
    -0.47340823362176687]
  rpy_rad: [-1.9369835515206513, -1.5039607663861123, -2.7569014135063896]
  matrix_4x4:
  - [-0.061904727753969546, -0.9978965251041045, 0.019243956632152278, -0.0007616062386354216]
  - [-0.025062909598683573, -0.017720651297374043, -0.9995288035269644, 0.026483394823210472]
  - [0.9977673352260812, -0.06235786800998027, -0.023913198303337654, 0.37776106888960986]
  - [0.0, 0.0, 0.0, 1.0]
camera_to_lidar:
  R:
  - [-0.061904727753969546, -0.025062909598683573, 0.9977673352260812]
  - [-0.9978965251041045, -0.017720651297374043, -0.06235786800998027]
  - [0.019243956632152278, -0.9995288035269644, -0.023913198303337654]
  t: [-0.3763010511546802, 0.023265673658928256, 0.03551904761004088]
static_transform_publisher: ros2 run tf2_ros static_transform_publisher --x -0.000762
  --y 0.026483 --z 0.377761 --qx -0.494906 --qy 0.516744 --qz -0.513739 --qw -0.473408
  --frame-id zed_left_camera_frame_optical --child-frame-id rslidar
metrics: {rmse_plane_mm: 55.78, normal_deg_rms: 2.7197, corner_rmse_mm: null, n_poses: 10,
  n_corners_reliable: 0, translation_condition: 9.1, rotation_normal_spread: 0.5958}
